#pins #orders

1 pin
1x1 = 1
-
0

2 pins
1x2 = 2
--
01

10

3 pins
3x2 = 6
---
012
021

102
120

201
210

4 pins
2x3x4 = 24
(6-2-1-0)
----
0123
0132
0213
0231
0312
0321

1023
1032
1203
1230
1302
1320

2013
2031
2103
2130
2301
2310

3012
3021
3102
3120
3201
3210

5 pins
2x3x4x5 = 120
(24-6-2-1-0)
-----
01234
01243
01324
01342
01423
01432
02134
02143
02314
02341
02413
02431
03124
03142
03214
03241
03412
03421
04123
04132
04213
04231
04312
04321

10234
10243
10324
10342
10423
10432
12034
12043
12304
12340
12403
12430
13024
13042
13204
13240
13402
13420
14023
14032
14203
14230
14302
14320

.....
